0
341
270 186626
273 224328
275 224425
277 224463
279 224501
281 224559
283 224597
286 224635
289 224693
291 224730
293 224767
295 224825
297 224862
300 224920
302 224957
306 224995
309 225089
311 225126
314 225163
316 225220
318 225257
320 225295
322 225433
325 225491
328 225568
330 225665
333 225704
336 225721
338 225780
340 225817
342 225856
345 225913
348 225928
350 226084
353 226102
356 226138
359 226155
361 235852
364 239618
366 239934
368 241514
370 241612
372 241889
375 242546
378 242883
380 248375
383 248493
385 250585
387 251960
389 251978
392 252035
395 261538
398 261576
400 261673
403 262111
406 264005
409 264080
411 264158
414 264196
416 264313
418 264331
419 264348
422 264409
425 264426
428 264443
430 264501
432 264519
435 264538
437 264575
439 264613
442 264631
445 264648
447 264665
450 264683
452 264720
455 264739
458 264776
461 264853
464 264870
466 264887
469 264905
471 265003
473 265120
476 265138
479 265195
481 265212
483 265310
485 265328
487 265341
490 265404
493 265418
496 275920
498 277527
501 277565
504 277702
507 277739
510 277796
512 277894
515 278048
518 278085
520 278123
522 278221
524 278298
526 278357
530 278395
533 278429
536 278485
539 278522
542 278559
544 278697
546 278735
549 278832
553 278970
556 279004
559 279061
562 279097
564 279135
567 279233
569 279291
572 279429
574 279605
577 279663
580 279700
582 279938
584 279976
587 280033
589 280070
592 280108
594 280165
596 280203
599 280281
602 296271
605 311273
608 311321
610 311723
612 311801
615 311899
618 311936
620 311973
623 312017
626 312025
628 324999
630 325097
633 325195
635 325371
638 325549
640 325647
643 326024
646 326200
648 326397
650 326575
653 326672
656 326849
659 326947
662 327044
665 327220
668 327317
671 336208
673 336485
675 336583
678 336781
680 337137
682 337415
684 337513
687 337610
689 337707
691 337785
694 337882
696 337979
698 338156
701 338294
703 338670
706 339047
709 339145
710 339221
712 339501
715 339599
717 339796
720 339974
723 340072
725 349159
728 349356
732 369783
735 369930
738 370007
741 370105
744 370203
747 370279
749 370376
751 370474
753 370572
756 385310
759 385327
761 385425
764 385702
767 385800
770 385877
773 386153
776 386250
779 386627
782 386724
785 387000
788 387077
790 387273
792 387450
795 387548
796 395685
799 395865
801 456610
804 456688
806 456785
808 456883
810 456961
813 479937
815 480034
818 480132
820 480209
823 480307
825 480404
828 480481
830 480580
834 480863
836 481053
839 515834
842 515849
844 516025
846 516142
849 516339
852 516416
855 516433
858 516448
860 516545
862 516683
865 516780
868 516898
871 516995
874 517012
876 517109
879 531189
881 531305
883 531402
886 531580
889 531875
893 537713
895 537721
898 537739
901 540569
904 540666
906 540763
909 565508
912 565604
915 565701
918 565978
921 566055
924 566251
927 566349
931 566548
934 566663
938 566840
941 566933
943 567031
946 567109
949 655988
951 656001
954 656378
957 656476
959 656553
961 656750
963 656828
965 656926
967 677573
969 677590
971 677648
973 677665
975 677684
977 677701
980 681588
982 681706
985 681902
988 681999
990 682834
993 690249
996 690343
999 690379
1002 690396
1004 690413
1007 690451
1010 690468
1011 692300
1014 693899
1017 693910
1020 693968
1022 694005
1024 694043
1026 694120
1029 694935
1032 694972
1034 695110
1036 695188
1038 695286
1041 695324
1044 695363
1046 695418
1049 695456
1054 695500
1057 695530
1060 695607
1062 695664
1065 712357
1068 712373
1070 712431
1072 712508
1075 712605
1078 712643
1080 712740
1082 712778
1084 712816
1087 712914
1089 713031
1091 713089
1093 713187
1096 713325
1099 713363
1102 713400
1104 713438
1107 713534
1110 713571
1113 713667
1116 713695
1119 713742
1122 713841
1124 713878
1127 713977
1130 714094
1133 714110
1135 714167
1137 714185
1139 737122
1142 737139
1144 737336
1146 737354
