0
399
1733 1087272
1737 1091297
1740 1091375
1745 1092919
1748 1092934
1752 1092947
1757 1093430
1759 1093448
1760 1094577
1763 1094617
1765 1095363
1767 1095564
1769 1095624
1771 1096391
1773 1096411
1780 1096452
1782 1096570
1783 1096691
1788 1101337
1793 1101646
1797 1102337
1800 1102338
1806 1102363
1812 1102364
1817 1102365
1822 1102391
1826 1102392
1829 1102495
1832 1102496
1836 1102598
1848 1102599
1851 1104145
1854 1104162
1857 1104219
1859 1104236
1862 1104413
1864 1104431
1866 1104469
1869 1104766
1872 1105182
1875 1105259
1878 1105416
1879 1109253
1885 1109254
1888 1125302
1891 1125342
1894 1125381
1898 1127015
1904 1127154
1906 1128588
1907 1131824
1909 1134843
1914 1136665
1919 1149341
1922 1149378
1925 1149397
1927 1149416
1929 1149456
1931 1149476
1934 1149496
1936 1149555
1938 1149595
1941 1149675
1946 1149714
1948 1149752
1952 1149773
1954 1149792
1958 1149811
1961 1149830
1965 1149849
1968 1149869
1973 1149889
1975 1149947
1977 1149987
1979 1150026
1981 1150106
1983 1150205
1989 1150246
1992 1150282
1995 1150322
1997 1150361
1999 1150461
2001 1150501
2004 1150540
2006 1150580
2010 1150620
2016 1150720
2018 1150748
2023 1150798
2029 1159433
2035 1159470
2037 1159566
2039 1159606
2041 1159706
2043 1159745
2045 1159845
2047 1159964
2049 1160020
2052 1160040
2055 1160118
2057 1160158
2063 1160218
2069 1160237
2072 1162118
2074 1162138
2079 1162418
2082 1162436
2084 1162456
2087 1162476
2089 1162635
2096 1164632
2098 1165426
2101 1165665
2104 1165705
2106 1167719
2111 1167736
2117 1167754
2122 1167771
2124 1173879
2126 1173939
2128 1174340
2130 1174440
2132 1174479
2135 1174559
2137 1174659
2138 1174879
2140 1175539
2145 1175640
2148 1175717
2150 1175737
2152 1175756
2155 1175776
2158 1175796
2160 1175815
2162 1175835
2167 1175855
2169 1175873
2174 1175892
2176 1175969
2178 1176029
2180 1176049
2182 1176068
2184 1176085
2186 1176105
2190 1176125
2192 1176144
2194 1176164
2197 1176184
2199 1176203
2202 1176223
2205 1176243
2208 1176262
2210 1176282
2213 1176402
2215 1176481
2218 1176640
2221 1176719
2227 1176819
2229 1176852
2235 1176992
2237 1177009
2239 1177049
2240 1177109
2242 1177129
2244 1177189
2246 1177258
2248 1177305
2250 1177364
2253 1177503
2255 1177543
2258 1177582
2260 1177591
2262 1177597
2265 1177657
2267 1193138
2270 1193178
2274 1193237
2276 1193276
2279 1193315
2285 1193336
2291 1193354
2293 1193372
2296 1193412
2298 1193413
2300 1193446
2302 1193464
2305 1194745
2311 1194845
2313 1194922
2319 1195022
2324 1195120
2326 1195395
2328 1195495
2331 1195535
2333 1195634
2335 1195733
2338 1195913
2340 1196011
2342 1196091
2347 1196191
2349 1196667
2352 1196846
2354 1197025
2356 1197124
2358 1197303
2360 1197783
2365 1197963
2371 1198341
2373 1198439
2375 1198538
2380 1198618
2382 1198814
2384 1198894
2386 1198993
2389 1199172
2392 1199232
2394 1199312
2396 1205295
2398 1229550
2400 1229589
2402 1229726
2405 1229765
2407 1229902
2410 1229940
2413 1230116
2415 1230174
2418 1230251
2421 1230289
2423 1230526
2425 1251323
2428 1251400
2431 1251495
2434 1251591
2436 1251669
2439 1251766
2441 1251964
2444 1252142
2446 1252239
2449 1252317
2451 1252414
2454 1252513
2456 1252609
2458 1252687
2461 1252884
2464 1252961
2467 1253059
2470 1253156
2473 1253232
2475 1253330
2478 1253427
2480 1253524
2483 1253801
2486 1253878
2489 1253975
2491 1254172
2493 1254249
2495 1254347
2498 1254445
2501 1254522
2504 1254619
2506 1254716
2508 1254815
2510 1255092
2512 1255170
2516 1255267
2519 1255278
2521 1255329
2524 1255434
2526 1273661
2530 1273699
2533 1273833
2536 1273870
2539 1273907
2541 1274044
2544 1274242
2547 1274300
2548 1275540
2550 1281780
2552 1281817
2555 1281875
2557 1281973
2560 1282150
2563 1282247
2566 1282284
2569 1282321
2571 1282379
2573 1282417
2576 1286067
2579 1286104
2581 1286161
2583 1286199
2586 1286236
2589 1286334
2592 1286371
2594 1286409
2596 1286465
2599 1286504
2602 1286521
2605 1286558
2607 1286695
2610 1286832
2613 1286890
2615 1286947
2618 1286985
2621 1287022
2624 1287079
2627 1287116
2629 1287174
2631 1287192
2634 1287231
2637 1287287
2640 1287324
2642 1287362
2645 1287460
2647 1287498
2650 1287596
2653 1287633
2656 1287710
2658 1287768
2661 1287806
2663 1287863
2665 1288042
2668 1288080
2670 1288117
2672 1288155
2674 1288213
2676 1288251
2680 1288291
2683 1288347
2686 1288425
2689 1288442
2692 1288480
2695 1288537
2698 1290051
2700 1290109
2703 1290146
2706 1290183
2708 1290339
2711 1290357
2714 1290374
2716 1290407
2719 1290428
2722 1290445
2725 1290462
2727 1290479
2730 1290498
2732 1290514
2735 1290552
2737 1290566
2739 1290584
2742 1290602
2744 1290639
2746 1290676
2748 1290715
2751 1290733
2754 1290750
2756 1290788
2759 1290805
2762 1290842
2764 1290898
2767 1314400
2769 1316711
2771 1316748
2774 1316846
2777 1316884
2779 1316921
2781 1316979
2784 1317017
2787 1317053
2789 1317111
2791 1317149
2793 1317327
2796 1317365
2799 1317461
2802 1317499
2804 1317557
2807 1317595
2810 1317632
2812 1317689
2815 1317729
2818 1317767
2820 1317823
2823 1317901
2826 1317959
2829 1317998
2832 1318036
2835 1318071
2837 1318129
2840 1318167
2842 1318203
2843 1318240
2847 1318301
2850 1318335
2852 1318372
2855 1323799
2858 1323876
2862 1395466
2865 1395719
2869 1408483
