0
76
3 0
8 18001
11 18006
14 18025
16 18044
19 18064
24 18084
27 18181
30 18280
32 18360
34 18379
36 18478
41 18519
44 18596
46 18895
50 18974
52 19072
58 19172
60 19250
64 19350
66 19489
73 19689
78 19767
80 19865
83 20184
85 20277
91 20280
96 20417
102 20515
107 20612
109 20689
113 20788
115 20927
117 21125
121 21304
124 43916
126 43934
129 43954
132 43973
135 44031
141 44052
144 47108
149 47208
152 47284
154 47383
159 52511
164 52529
166 52565
168 52641
171 52760
174 52800
180 52820
182 52857
184 56268
186 62319
187 62759
189 62850
192 62938
193 63157
200 66705
204 66781
205 66880
210 66981
215 67079
217 67255
223 67435
225 67531
230 67632
233 68287
235 68366
237 83529
239 120688
242 120787
244 120866
248 172231
253 172377
